3005
449
3787
3285
3486
3142
8661
2747
7673
7908
8808
1719
3797
3242
1193
5053
8328
1018
4967
8838
85
410
3570
780
3840
2270
5749
214
4724
8665
45
5137
770
9623
915
9648
4065
6293
3292
6026
7764
4100
1364
5756
8502
5587
1608
6516
7756
1251
4366
6712
4742
9340
717
4208
6711
7565
6904
1942
6080
9071
7896
2366
6964
1303
8319
4804
9005
3985
9757
887
9024
6082
1202
6282
6958
6086
5642
970
1712
4589
48
7011
4699
6087
7091
6662
3798
1727
8447
7998
9833
3054
1812
6372
7051
9508
6188
3891
7875
7385
6419
4754
6660
270
6875
50
990
7230
774
4474
9510
8341
4295
6709
4339
7161
4733
7361
3386
8356
1846
2868
8176
9536
5533
4090
6347
4819
4917
897
10105
1472
2524
2842
7363
5164
3727
6288
8105
6229
1620
4906
7040
4585
4156
6335
9995
7806
8937
3626
2386
3593
7146
6935
8616
9505
428
8221
5324
6141
10133
8438
7382
6454
8632
1736
6042
8198
8830
5515
7131
6890
8095
8246
9393
3476
7507
7358
5464
2333
8789
4561
7592
8879
312
7070
6171
7118
8227
7284
3810
366
8311
7213
10075
3746
5479
2230
2221
5953
4562
2472
9280
3991
2030
4614
1951
4491
8386
9721
6721
2452
6716
8293
3622
2121
6814
5969
8508
1767
161
10050
859
7096
482
2531
2217
568
1377
3491
5463
9535
2686
565
7010
3359
5766
4126
8581
7519
299
9672
6562
2812
9265
8401
3235
766
6081
2892
4294
8289
3579
5827
6452
5681
2896
5937
9355
1669
642
2032
5655
9975
6617
8805
6443
8952
9312
6393
1341
46
9043
10037
768
1914
2551
8265
9555
9467
6340
9990
1369
1368
3644
163
8284
8273
7205
4227
2167
1380
9029
6789
3309
5661
177
3358
2010
5518
4117
2869
1271
2526
9716
3856
4440
752
6130
4799
5785
5940
2405
1378
757
3980
9885
5905
6309
6823
2877
623
1520
9902
8714
4918
3791
8894
8258
7855
6154
3618
7031
1575
3968
1655
7214
8442
2124
9409
589
3334
7742
4916
6297
5959
6634
2225
8113
6604
5637
461
3755
7315
1216
10151
8181
7513
7151
2687
7274
357
7328
5501
2770
2406
5750
2475
6546
7835
3851
2820
3411
8448
4083
9579
7041
5694
407
5610
513
6615
1716
3357
5640
7744
1245
1730
1519
4529
2434
1829
7008
9767
6212
1116
860
5310
5343
10001
1854
2081
653
8264
6692
6046
5294
4772
230
8896
7733
5507
4756
5218
2182
5971
5977
5915
981
7680
6991
6532
7853
1031
4408
3834
7048
138
8139
288
4228
139
5382
8342
1860
9038
6635
4748
6368
4130
6794
9279
8815
3883
9731
3135
1040
5575
4170
10019
7801
3129
7381
8394
5122
6322
1665
4325
7816
946
7163
5738
10134
9009
4124
5406
10039
6645
9813
3617
458
1924
4313
330
9162
5167
19
3524
3527
4795
3743
525
1431
2757
3572
4639
9006
2417
1182
5021
8437
534
1149
201
6420
7346
9486
3275
9073
6917
7461
6694
3699
610
2529
4938
134
7900
4654
7368
8109
5706
9461
9848
8412
3431
7940
3736
1533
4994
7263
8232
9698
2272
3374
8339
7437
6241
1993
7132
8124
4236
1971
5908
9229
3660
3095
9953
3753
2088
6708
8504
9333
8539
7526
55
8058
2685
6234
3346
4681
2591
508
9785
4421
7752
5823
6828
8247
8708
8512
7378
7310
1504
9469
8932
7251
6294
8471
4482
5004
9278
835
1500
6190
661
2060
6052
1372
3369
2720
3555
8482
8045
2
3932
630
6005
6296
1937
8835
4634
4448
280
3788
2239
6021
1742
5536
1269
7723
6764
5355
7243
2769
1106
281
2714
3145
5428
2567
5509
3265
4829
6177
2376
4386
4719
1904
2922
5697
6415
8488
9750
3102
3780
4283
1903
2378
680
3693
7837
5475
6459
3876
1083
1879
2352
8531
2248
411
8628
5345
9382
4166
4993
9097
1703
319
4407
7451
1650
9671
1051
1024
1572
6627
5207
53
8478
6355
7320
2557
6069
395
5097
6110
5881
3547
1815
373
7027
3447
3905
4629
4803
448
264
7890
4028
10150
6254
8712
81
444
6450
6173
7612
8556
4411
2257
7140
1913
39
8633
1125
5050
2192
7919
1484
10011
6968
5328
839
9496
9994
3297
2251
6825
2026
1274
158
2400
2254
3863
1148
7899
3777
1035
7261
8106
9879
2536
2598
2064
5641
7904
4641
7097
8213
7080
7615
7588
8042
5400
5335
1130
8216
9551
8810
4697
10080
4356
4868
6167
2510
5994
644
5392
307
439
2295
2413
4140
3042
2702
3091
7846
1922
4708
584
9212
8015
3031
3036
7079
489
916
9515
997
5293
9651
7808
9873
8173
5461
473
3295
8008
9866
1980
8966
758
8854
640
7585
4773
8736
2875
3864
898
8118
5808
1118
580
5930
1228
10130
6959
9686
948
7138
8797
9482
9135
4753
8766
2966
2274
6332
7518
9055
4372
7936
7117
1717
7812
5443
10168
7560
3702
3092
9788
7811
8982
5196
9465
42
4209
9313
510
2222
3244
3848
8443
8127
8070
8728
3874
9178
376
6298
7710
9819
1386
8643
8493
3203
1166
2237
4704
1563
1469
7611
4509
3471
2156
1479
3261
4088
5473
3393
4457
491
4669
9513
9195
7086
3729
3911
7348
6135
2650
8204
4185
7373
9274
5398
7976
5483
1175
4207
3862
2332
10042
3070
4157
4401
7425
6134
3097
2713
842
372
2256
3681
4636
2062
8463
69
8774
7980
3707
3075
6247
7498
10068
8551
3843
1994
6748
2967
7789
2199
9534
4528
1329
5835
1300
2262
6216
2614
2981
6566
8018
9801
6760
6152
7807
6858
10093
3487
2314
8720
2704
5996
7730
7087
4437
3498
978
7392
1642
4501
7153
8936
873
9962
2871
9949
6310
2100
9704
1429
7762
9738
7725
5325
9538
5926
9383
834
6290
5142
127
1028
4145
8215
3820
9765
2947
9478
1652
4234
6733
9726
1724
3645
7876
6291
1515
8169
1239
7625
6527
2926
9778
5046
1220
899
443
2036
5946
5127
10029
4004
2407
7222
9642
2824
678
598
880
1538
3902
2594
9411
3662
9554
8998
808
7708
7121
9488
9896
5143
497
2061
6555
3723
5741
1839
9335
9148
7758
4961
791
2885
5929
3809
973
8696
1779
5231
5989
4319
9621
1877
5247
4537
6428
9497
6078
4746
5156
4876
6602
6637
2279
7754
2177
5283
1982
7684
1141
6307
5435
6869
5000
4741
9405
7882
3559
4224
4579
383
474
6074
7852
7717
6275
6200
9151
4943
1463
5617
6406
1895
6333
10002
5855
1243
375
4483
5695
274
2063
9670
3382
9754
9814
5107
7046
2911
7651
5414
2580
9028
6146
2561
8831
3611
9954
7253
7287
7766
4949
7719
8030
807
2680
8129
10162
2227
5554
287
6073
2176
7635
4137
2196
4247
910
3602
4957
9574
943
4327
10069
3352
1810
5527
5643
5326
567
3565
3853
1079
6137
909
818
1819
5880
3378
5092
7401
5938
7517
2776
8662
4777
10066
3126
1672
9451
4805
1496
2457
2448
5321
4435
9004
7523
8613
4308
5707
8060
7721
7605
2525
8848
5663
7642
9956
7236
7343
7095
9929
7514
1580
8611
2522
2427
1522
4478
3770
3773
9564
9225
7650
5037
1866
1419
7356
452
9464
8077
276
4998
2282
950
1297
3860
1725
3303
6453
3289
5629
858
2347
3494
8919
6435
2236
5333
164
1837
6240
555
257
4315
3712
8235
2851
295
6219
5798
6600
9327
7784
9755
3580
8907
1804
7444
2098
8931
9113
418
2331
1076
8563
1044
4286
3373
7905
7580
8977
6916
823
6880
3117
9141
4664
868
1674
7974
8102
9945
9452
4568
6681
1640
4737
8230
1190
3900
5733
5457
2751
3040
2881
8466
9146
2688
3314
300
8567
5591
6367
10007
1600
4404
9399
2017
4175
3424
1634
1396
9749
7879
3273
1806
9586
560
9703
2762
1114
2083
8723
294
4569
5837
942
3529
5965
4172
8130
1592
226
529
378
7818
4261
290
2142
6321
9606
7648
1497
9506
7050
3651
3663
3661
7078
2661
908
1857
1171
6938
7155
3763
2659
2756
8197
2373
6976
812
1468
4622
4149
1845
2470
3343
4625
4745
7971
9613
4887
1934
5223
6899
7485
7076
1573
3567
1907
861
509
8083
811
8141
8695
4220
3030
3140
700
8222
9214
356
8166
1063
6404
8652
4713
5171
5613
935
5606
5942
3318
1621
4155
8144
3816
4344
1007
5152
10056
6217
541
5064
4125
4016
6043
6961
3470
7488
7584
7180
2592
5229
7304
5919
1754
5861
4784
7728
3043
8762
2951
2178
6894
1778
8201
5276
2767
6977
83
3636
782
35
1791
5708
5639
1521
1553
820
677
58
3535
7529
2931
6327
5120
9222
7365
6490
2683
9376
8483
1452
9693
6724
6207
2548
1714
7396
9026
421
1510
2072
4430
5968
3217
2094
202
1531
8503
4445
7116
6594
1559
4893
8537
5334
2716
9014
7714
3355
1808
6905
8593
2410
3427
5467
1635
2464
8526
8857
7374
6184
1550
6168
3284
8681
9581
1825
5869
3249
1607
8984
2268
6474
940
7277
3299
1836
1996
806
3123
9023
6603
875
520
5885
7799
7534
4128
5653
5918
4611
5521
7893
4240
6847
1442
126
3751
5
6120
7400
324
10106
4764
9677
4909
7430
6945
6469
2422
2108
5393
2629
10149
1606
5468
7824
9516
1112
243
9656
326
2535
6503
446
6512
2134
3150
2468
5448
5123
5140
3815
7069
5787
6065
8829
9709
7578
2633
8862
803
7321
2325
10010
5259
7165
2490
7901
3349
9434
3234
617
8863
3508
7847
34
4020
2190
1773
2746
227
5792
7921
92
5454
248
2169
7512
8883
2486
87
10047
2005
8506
2455
9397
8554
4991
1489
4123
5730
2909
1511
3089
4725
8743
9199
6978
1465
7189
6108
1590
8147
7848
5878
6258
3933
1525
89
7167
8100
5619
6598
2012
3305
1356
7622
8711
6223
667
2362
1128
3483
8947
1743
6785
1978
7632
128
1537
1213
6253
2654
6433
2050
8346
8305
1805
3144
9685
1992
1174
3039
3310
8052
9139
1544
116
8067
8303
9708
9205
2628
10063
3147
1962
9509
10129
447
6579
2074
7800
2555
5566
10170
583
3452
2929
9370
119
1615
7606
4201
961
8262
1869
5849
9254
5786
2710
3330
7489
3154
7541
7638
6144
10125
2361
9827
7450
2632
9919
1788
8287
181
4194
9307
8047
7559
9472
8307
6983
9668
2126
7359
2568
8912
6269
2999
10152
5862
4675
239
4459
5066
2973
1075
8843
8530
7309
4276
4513
424
6538
1796
1886
1678
8675
2528
2921
484
4929
4042
1970
8824
9815
436
10055
7706
2223
2271
293
6124
6434
5115
6678
1414
3949
2350
7468
6597
1207
5960
7092
2147
4461
8420
4782
1058
1438
1514
3764
2669
2187
5721
3725
6113
4217
10064
9821
3197
6012
8527
896
2991
7788
7019
4619
7457
5625
9125
5401
5586
4399
3333
8737
2245
4615
4359
8666
8186
1643
6943
7994
7247
7674
4821
6576
27
6756
7456
5246
1920
2802
1492
2666
5235
7895
3917
6522
7300
71
7408
6619
6028
7960
8529
4870
8331
3942
5090
2517
4142
9490
10156
3607
2825
7888
6187
7015
2485
4085
7743
4911
6153
1956
5378
5907
8517
7591
7926
2690
4518
3468
4812
3462
2278
3913
8000
3740
9647
6196
7509
934
5903
9603
9820
5327
7598
1204
5556
2296
4794
8511
2431
2719
6586
629
3687
639
6539
9547
1062
3361
3892
7235
5884
1666
9727
8318
3000
9760
5676
7689
8788
663
3122
9118
3624
3677
2546
8658
7883
9612
9590
1710
2605
6699
1624
889
392
4593
7943
1177
6448
5254
2916
817
6881
4494
7150
4545
6132
3338
6514
8059
9428
6218
6498
2122
2337
4982
5077
3312
1346
4935
8462
7677
985
5391
6942
845
9717
9822
9479
6189
6687
9634
6387
4576
872
2068
3979
3014
7962
2930
4727
4541
4447
3353
8620
4942
3664
144
6608
9157
7148
5542
1670
8312
5450
4045
9341
1991
10089
3805
4807
9773
921
7556
10177
430
6103
9052
7568
1037
1763
6706
2297
5133
3106
3401
8941
7658
4624
821
4056
6988
2979
5002
622
2106
9666
691
1661
3211
3608
2959
3807
3616
1571
5013
3865
59
6607
5493
2365
9153
6550
3345
7577
4291
824
4521
5349
5961
3782
2328
1280
613
7480
3477
7264
8210
149
4158
2146
1392
546
2000
5408
5480
10016
1605
8763
9664
2240
1014
7477
6325
4361
522
2907
2363
1941
9843
1153
1603
6054
3583
183
9493
6127
2244
8899
306
3400
3074
8897
9607
4212
9121
2444
4750
6455
10061
9208
6402
6957
8746
135
275
9030
1042
1005
1654
7375
1098
8880
5178
6831
8561
1048
4169
9263
3613
2873
451
9239
2420
7420
3594
7851
8925
6013
7270
2643
2818
2821
267
2539
6509
2799
1471
6429
8691
7681
3545
8755
7869
7767
242
1198
4116
6385
4122
3692
7709
8044
4263
4519
7301
6583
5512
4177
3481
3543
6963
8738
481
4162
8571
5902
4530
5281
6960
8098
110
4254
3625
7858
8953
9736
6591
8138
8860
4147
9679
3907
1085
9234
5210
7022
6266
9694
4592
7690
2870
4244
9565
323
4420
7115
4717
6060
4533
5866
2360
2730
1454
3306
895
2140
5417
6384
4715
8859
7755
5530
142
4091
9027
5842
3472
6575
7009
1735
8214
7661
4827
626
5975
890
9458
6265
6093
109
7186
5628
3955
4517
10176
8021
8374
2484
7339
4875
4890
7085
4479
3984
6068
5874
3952
9046
5373
4127
6777
1211
8889
450
8385
7433
8226
4680
8250
2263
2587
4354
3280
9170
6952
9876
4610
9342
3170
1637
1352
7703
6416
4438
4605
6326
2299
361
7913
6798
9480
6165
7061
871
6281
8062
4676
7206
1568
9010
5030
3179
9377
5950
4960
1586
4495
6500
4115
9403
3213
7108
9223
6002
8819
9301
4662
4599
3090
1144
3380
3880
1289
6366
2044
9032
3533
5803
9368
9100
4203
6533
9063
9404
5084
6111
4940
3136
3148
7152
633
10035
4709
3701
9246
3667
5589
7693
5840
9049
6250
9776
9793
837
6495
3495
7760
4984
5789
4323
6192
3442
3754
7499
9759
8753
9264
1087
1988
4722
258
1150
6560
2912
1986
278
7490
1451
7739
3047
5956
6870
7741
2280
10158
9723
3323
335
6781
6612
6517
6276
9172
9667
3496
3817
5271
1010
6822
277
6405
2942
9364
9366
9643
5801
7941
5139
3104
6215
4646
8480
8911
2670
5451
5128
2188
6476
9856
2303
8209
8546
763
4813
4947
5793
1443
211
4108
3759
1889
7322
219
4702
3149
3688
1622
8115
6488
9109
4195
4406
1509
5263
68
2051
399
2351
6685
6382
3287
9928
8985
7618
3574
5129
2610
8630
9168
2003
6734
9348
3215
2783
7776
8426
7244
8564
2597
3143
6655
3018
6837
99
9976
318
6859
6386
4040
1413
4274
8196
7694
5384
8734
1729
9160
6833
2396
587
9926
6320
3641
2950
6790
9251
9682
9442
3377
9181
1617
800
3630
4620
6759
3657
1527
9775
1549
9102
3835
3362
9116
6929
9284
1545
1096
5572
3112
6821
8756
9227
666
7610
8180
4931
3861
3311
3571
8336
9084
828
9655
5460
3245
957
7145
5136
162
5822
9365
7164
5825
7464
3450
2807
9852
7453
9243
838
4296
8509
695
9191
5561
3410
9078
10085
5782
3923
5736
2174
4872
1896
7829
2609
9203
7729
3637
7428
6198
8776
3996
8034
3946
8461
8361
3267
8218
3454
3997
3575
651
4035
562
1064
187
5584
1247
7215
8383
5420
7474
7114
2388
6056
4814
5935
9164
8355
4609
6338
1094
6363
3509
340
4179
7581
5315
4920
2502
2150
8150
7654
3236
256
3108
1965
10102
2630
7495
9176
5311
1107
5841
7379
7262
4683
9044
233
7630
9987
9542
904
9448
5172
864
7986
5284
9455
6375
3027
9443
5699
6864
2208
5453
8686
592
4975
5687
5113
3502
3767
7623
10026
2040
4256
4159
2558
1891
9653
5275
354
8314
8428
2611
7947
6485
1723
6004
3950
9183
5818
150
1722
6895
4587
9559
8840
2364
8654
7779
6605
8704
4833
8411
4469
6062
5688
6011
3207
2571
6867
4539
8376
2380
2264
1446
3394
2810
1295
9275
5148
7653
7713
3673
7200
7276
9389
1103
4826
10086
6462
2436
4586
1376
7554
5375
492
5459
6199
10058
2701
6166
9944
9719
1264
4600
2835
6926
7502
9095
6674
4775
1953
4882
4245
4973
9371
1776
6775
1292
9414
289
2382
1124
5983
9424
1995
3220
5277
3646
4271
2923
8257
122
8767
6547
7955
7881
3842
8901
9394
1138
5052
3268
6688
1033
3138
9179
5635
2901
8732
8300
5820
2754
348
2615
2259
431
10021
480
8003
4766
3679
3908
2641
9713
4084
206
9681
6896
3584
8393
3783
7705
2514
8433
1365
6796
5342
7233
4891
2941
3659
10104
5491
4192
1868
7935
5007
8693
3231
5485
6221
1832
6805
6430
2033
709
4014
3742
574
8646
4205
400
7567
6787
6203
4757
2458
4852
6422
7139
3552
668
3836
125
6033
1523
10118
1761
9471
5895
6345
6413
5985
3518
5760
6920
6101
8516
7991
5374
7137
7688
3914
9367
2939
6861
8659
2329
690
1740
8421
2139
8623
500
3918
5430
2371
1558
2569
1164
9952
673
9684
309
5689
3680
4204
7959
3010
733
215
7587
7676
1270
9675
4716
266
9050
8343
9846
7143
7538
3999
1331
8174
2518
6431
3127
8458
6932
3592
6969
5636
954
8005
7944
5009
7915
5153
3041
5170
8152
285
5487
5774
8970
711
953
1349
75
2878
1282
5616
6574
6391
5775
1267
4896
2215
6022
9083
10067
3726
2904
7548
4106
4008
9066
9140
4735
7867
2917
1713
6808
2813
710
1416
1798
2722
9597
5017
5513
528
4557
4779
5085
413
7569
4470
4473
5896
7825
1131
8253
2024
6710
3774
4498
9248
2500
5898
8942
1792
2618
2601
4504
2155
5620
1584
9438
263
1232
540
8126
5353
4174
2778
5034
3241
3849
9855
10173
7907
5693
618
1769
8223
7201
5176
4453
9108
9601
8282
2353
1394
5237
6502
7460
4353
6824
566
9456
5481
4905
6886
8299
4571
8024
9483
2695
313
1265
4467
3895
9314
519
6214
9609
3792
9763
6956
4101
2932
5764
4572
4398
9054
6909
797
9596
2895
9787
9492
5817
1632
5933
1320
6644
5557
3937
385
2846
5573
10031
5753
4481
8881
6609
4299
773
8759
6316
9771
3232
8945
5725
3776
8066
3189
2501
8802
6222
9614
3317
7968
8031
5762
5979
7999
8754
6725
9858
7225
3428
2674
4691
1493
10124
7423
2743
3453
8799
10074
7324
4738
9938
3066
3589
6683
4027
2862
3886
5313
2596
9712
7435
1689
3771
1512
147
1625
6464
3269
9972
8205
9978
764
10122
4526
6554
5100
2181
6226
4044
7563
7058
10172
8724
9357
1940
5350
5759
7820
5285
6807
6804
3001
302
2811
7177
9970
2499
809
7544
5118
124
5221
2292
8417
440
322
420
93
8926
6742
6504
460
5781
4054
3180
2320
1817
10166
417
2603
9255
342
5897
10107
9295
5188
6568
9756
3085
3466
8389
8276
7666
6802
7819
82
8395
3105
5847
2562
5104
8667
4
7210
8576
5036
8793
8765
1402
4143
5466
4730
810
3934
2876
8594
8309
341
8427
454
9218
4877
3516
1057
8967
2200
9294
1230
2804
5351
5006
145
4388
4844
8384
669
8555
7367
2915
4740
2338
5299
3804
1960
3581
8951
8522
315
86
8750
2109
5260
1587
4298
5346
594
1641
6996
8016
9539
3598
9784
1373
6927
1863
1859
2619
6673
972
9853
7258
2021
7384
4710
5609
7349
8559
8507
8518
7626
6913
7637
9436
3939
4790
4862
8072
2742
4403
5630
459
9001
8345
5385
1353
6884
5079
5924
1576
5682
8280
672
5209
4552
2698
648
5331
5758
9457
9569
2287
2085
1209
7609
259
9470
883
1902
6029
8093
9485
7176
876
4582
4000
2547
9589
3708
3193
9910
3972
6292
415
8500
1905
3226
4839
7370
2640
184
6133
7059
9166
3520
391
7557
3021
2691
6048
7783
5614
6228
6840
9182
5012
3578
7297
4010
5680
5422
8893
9065
5767
3899
7399
9110
8828
5778
9916
1399
4665
4288
2138
675
9893
7006
7470
5677
5366
1696
6761
4677
2957
4351
3418
8357
6564
2494
3976
7664
9494
5098
2447
8783
4330
6351
167
6642
6478
8855
664
386
7678
5431
9644
3757
1932
9446
8826
6582
237
6299
5476
1770
851
6058
507
1513
7120
7841
2048
8476
2057
9387
1176
6295
2581
9835
8055
4119
7505
2419
6820
9283
8163
9837
6975
6776
8558
5595
5372
3612
6374
5261
9096
9245
6225
3166
9543
1276
8498
4139
3631
3158
3568
8434
5028
9663
5627
621
205
748
5539
6438
1885
4524
9192
8325
6102
7843
6467
8449
1409
6999
6017
6730
3975
5076
8856
199
9939
3300
3919
1785
6551
3915
1100
3695
7866
3440
8915
643
1554
5875
7360
6626
8645
198
1644
8340
3281
1649
6599
2189
9817
6735
4475
51
4621
874
1751
8249
466
2160
3961
7809
2104
7026
6558
7467
8006
3221
1799
3850
3163
4958
698
5216
5731
1351
1428
7948
1345
4788
5078
2884
8370
47
1898
3854
6934
7057
10092
8315
1450
5601
254
7822
4591
939
4316
1311
1715
6179
2867
3857
9051
2857
2658
3396
8268
4869
1999
2233
9588
8061
5867
3553
3832
5592
8251
8587
3928
1841
1196
9293
8487
1581
9402
503
682
6696
3795
8795
544
1765
3781
3003
6107
4278
502
8949
7082
6928
3823
1374
7549
2707
6032
8608
1448
6515
8199
8117
9072
3603
6848
382
3766
4928
1695
3419
7159
8333
9089
4747
9068
8821
922
1820
279
1318
1281
9012
9221
38
9737
7712
8391
7109
7202
1870
3173
4297
2511
4626
6272
2623
9224
9091
2219
9311
1059
4966
4915
2792
4652
9891
8211
772
2247
662
6365
9770
6373
6446
9963
2787
8335
4136
727
5791
7983
8295
5132
9996
8730
1541
4104
3302
2043
5669
6356
3825
608
3337
1613
4485
8514
7293
7285
8725
7810
2954
3293
8963
9062
2151
2136
4690
8545
9360
7333
8206
9339
4527
2428
2383
8418
9064
3745
9933
5302
4046
4637
7224
8084
5248
2893
9147
8588
5843
2696
130
6744
2943
22
5019
609
9764
5291
2097
4429
6590
552
937
6661
760
8722
9982
7481
7859
1847
2392
5396
8474
3654
2774
5816
8989
6302
8435
5131
5390
3652
3852
5440
251
576
9646
5272
8286
7982
1154
3965
8552
6151
8390
6030
5135
7298
365
9806
3750
6471
7442
9898
4706
3935
5870
6202
4866
5830
10071
7954
6136
3685
8674
5585
5233
3474
3395
1255
2056
5031
779
463
3178
5711
5976
5300
3186
7737
4895
9185
9306
9086
339
969
7842
4078
9520
5583
8183
9391
368
5111
3048
7316
6891
7525
9188
4936
4971
3233
1222
8642
5810
9593
4385
4238
526
8520
9700
5243
1101
5525
2549
5602
5144
7738
4590
6659
830
1614
1771
8245
9594
7314
3954
10110
9186
3576
5471
5702
7371
3160
4202
1758
9831
4811
10161
6638
515
1794
4847
7043
7510
3941
5045
379
336
7334
2627
9943
1777
136
5069
9571
5141
9768
4924
8914
8146
7897
3389
1152
3130
10
7432
1945
2423
9563
1604
8063
1928
2725
3390
1930
6403
1344
7248
5337
3455
7536
3738
1321
6997
10163
6077
7416
437
9625
4760
3098
689
3888
9378
7030
2113
8324
5872
1355
5562
2418
1140
6472
8986
260
7171
4336
8956
9567
1830
7981
5560
9231
8425
4765
5666
3635
822
3803
9619
6788
5986
2771
9329
3473
2624
9189
6548
8259
2622
1332
8969
2693
4107
5377
9352
7727
3718
8699
7718
1257
3274
1398
2058
1974
9380
2389
1585
4273
60
2681
4093
3989
7746
2613
4546
7528
3683
6536
548
2948
5966
5701
6751
9957
231
5652
5070
6911
8950
10169
7218
3467
542
9650
8490
7961
5371
6879
1418
6238
7318
2185
9838
7427
303
7715
6507
8177
9011
1570
10114
657
4573
7970
9964
8456
9410
1630
9079
2235
9809
7257
6684
9851
7987
3648
1984
5952
4322
7781
1631
3715
5723
5134
5035
113
1780
8035
3988
3560
6172
884
6745
3134
8812
4307
2604
4922
982
2504
8648
4290
5598
2784
962
3866
7613
5404
3710
9372
8040
5757
2865
659
2415
8043
4069
5213
6898
6658
2009
2729
790
2933
6689
8369
180
9947
8505
7469
8934
6140
5106
3082
2014
4854
9033
7530
4345
4632
1764
8081
2031
9082
9276
6468
3258
5624
8653
8622
879
832
3458
5727
8798
2961
4324
7963
789
5264
3981
7044
4555
4673
4956
4151
6280
5191
4173
4382
5394
7973
2639
5747
6050
7068
7576
1880
1552
4499
4987
6457
3120
8635
1223
2541
1464
4285
1501
8136
9745
2761
5692
8473
6109
8255
310
3132
7149
9320
8631
3649
2968
7803
445
3944
1499
247
2600
9048
8850
6213
688
6194
7608
7574
265
9150
2854
7135
10136
2655
7643
3596
6204
5162
3064
4135
7535
327
1427
1921
8980
7912
166
8399
4992
9149
4476
5812
1693
346
2993
10032
6513
3016
4978
1623
697
8334
9094
7504
5529
7942
2671
2430
1738
10144
3113
2374
7667
590
2367
7695
753
5155
8122
3813
8398
1200
4535
8494
3081
9892
9035
9289
9303
1111
9529
2283
6061
4317
6169
4846
369
6063
6224
4050
9240
9707
9217
5685
1183
2840
6139
140
1726
7735
3026
438
919
1034
7856
3521
6647
5109
4178
9098
6565
8996
5668
2076
2796
3087
4798
3195
3811
5995
1212
4623
5690
5846
5574
914
3768
5894
3515
7845
805
8104
1038
5415
1709
9220
4651
7237
1147
8624
2266
185
4466
1601
7072
1186
6897
2096
4952
7639
7434
3414
1077
4597
2311
8377
6352
7978
9828
3705
3666
2798
9558
2111
3922
5125
4648
4941
4841
7870
4627
9616
2355
9204
3246
3869
8159
7951
190
10040
4439
2316
2231
7405
422
4132
7199
9795
6066
8157
8338
7930
558
2414
951
4270
1288
2586
9273
8194
8308
2253
8378
2439
6857
9058
2377
3061
9060
8074
3656
5815
9423
8134
7590
2281
2164
6306
4301
5330
10013
7745
5967
213
1574
4815
1293
6889
5889
8485
4668
3099
1646
5718
7238
5116
1009
1651
9290
8332
4332
2934
9724
683
6593
9635
3198
6588
2450
20
3540
4390
536
2291
8574
6719
863
6106
9381
3387
6906
9615
4767
9444
615
1080
4631
5298
5477
8694
3982
3859
4635
2496
5900
9894
402
7927
8492
9331
4355
1824
7656
8099
7193
7487
3600
3439
6456
603
4980
2077
1861
2220
9128
636
6595
9914
7168
704
7547
8497
2180
4522
2847
7124
5667
1367
4853
1437
1029
10052
1959
5206
7885
3247
2675
2764
1021
6115
9021
3229
3114
5857
3253
5169
6606
7748
4150
7265
5916
1225
2197
5544
706
988
3526
6105
9823
8692
3554
5320
5876
9200
1862
6440
9076
8185
3549
5831
5323
3296
1302
9930
6827
995
269
1476
2508
3456
4860
1039
4229
8601
8583
8131
8158
9662
8790
4017
5105
825
6259
647
8263
10014
3724
9746
7426
5433
1390
8007
5836
6441
9702
5783
7229
1135
2699
7628
6769
2381
5234
9016
9132
7004
4057
5419
2213
6677
7795
7583
3909
7506
5494
4221
917
4232
9435
923
787
4335
4511
7898
178
5744
9886
4465
9761
403
4374
5745
9315
2882
9802
2489
5626
4415
865
1327
321
7790
9297
6650
5478
1899
2945
8321
8796
5899
6036
8615
2369
1065
1339
8676
8382
1457
3460
8669
792
2635
9548
5198
9699
3413
2144
1291
9985
16
9524
3429
1447
8367
2996
4608
9296
6767
3689
8585
6242
9099
5833
6941
5289
9261
6383
2261
6680
7566
4436
7111
6007
7174
9585
4783
1278
7555
194
8294
6967
7785
9453
8302
4112
4379
5634
8229
9002
7542
3208
4671
6361
6392
3137
7106
2992
2779
4095
4964
5163
761
6986
7182
1326
2974
4953
9514
3448
5813
9344
5720
8023
7045
6950
7707
9692
8811
8844
6910
9041
3011
7652
72
2195
10036
5044
2637
3290
900
7331
2935
614
4763
9450
4391
9308
7672
2908
4161
7817
7861
712
8656
2008
2593
1875
670
4574
2103
4216
4650
1400
6164
7478
9552
2399
9946
11
9796
9216
968
8133
5265
545
2206
4881
1008
6360
9921
4663
9318
2928
9015
855
6079
5990
2903
6008
4164
1802
6071
6417
1529
7772
7388
6122
2786
1470
2721
9401
5607
8274
4026
7794
1381
2286
6763
5065
1173
1104
4734
4816
5696
9629
2343
1157
4786
10175
9500
1440
387
6762
8400
8542
7774
6091
471
6993
778
9184
9332
9676
9388
5047
844
8562
9549
2349
819
7687
3214
8536
15
4451
9202
4584
3735
7771
795
5062
1594
8203
6271
238
2793
7862
4695
8054
41
2305
6806
8961
2267
9085
1826
2856
4176
3298
966
6887
6470
3328
3184
1253
8499
2132
8605
2429
6918
9431
10123
4007
7081
1155
8513
3627
268
8479
2451
7398
2218
8271
4434
8553
5316
8484
7188
1433
4380
9175
7319
9219
435
7765
10034
1
1165
6854
8771
1985
9173
7417
4281
9087
6286
4253
2817
9395
6277
9008
7521
5387
3425
5094
744
4182
1840
10072
2849
5909
6666
4064
4433
1359
2341
4926
5016
271
8902
1411
10153
7431
907
5858
5474
2898
9324
7679
5646
1530
494
5496
3721
9758
5033
5970
8267
1294
5678
9226
5423
3510
3364
3068
9197
10098
3536
3537
3313
5868
8429
2559
6953
4280
9242
4692
3218
406
6083
7662
6170
3339
4577
8683
8165
4154
8128
5743
6315
1283
6023
5465
1876
1927
115
3814
7066
7380
2962
3238
856
4809
10059
10112
6279
6633
4603
6505
7804
3223
3464
9863
9105
146
5425
6902
518
5003
7877
9350
5439
7814
4223
8439
8709
4048
9591
8096
4349
5565
6865
5067
2790
2735
1137
8275
2585
24
6482
5011
3004
2503
6755
6318
5826
7312
9839
8184
7053
7872
5038
1633
7726
1424
8773
4532
756
2752
10157
4348
154
4506
6210
1238
7640
8348
8475
9114
9361
6159
1495
8748
5361
5095
108
4144
1382
7147
2534
2246
1250
3691
4148
6652
296
10033
9633
9899
7965
7042
930
4752
1227
207
6835
2039
2772
4074
569
4456
5538
7595
4284
4183
543
7500
5303
5225
7133
2576
9867
3733
5103
1518
3254
4458
3096
7404
4005
9309
2059
95
596
7699
687
6585
5832
3332
6667
4770
7299
2471
1315
7157
2394
5205
4781
7685
7917
5802
8161
9292
6176
3190
2168
3672
8444
9310
6962
2123
4640
5226
5039
7950
338
3256
9123
9305
8320
6955
8228
6813
4861
6812
9037
7736
1957
2191
9334
3957
2205
4588
3183
229
6174
1405
5864
7997
7697
7636
3604
9993
7700
5650
5399
6319
5657
2712
9101
9115
6396
6145
464
5061
7832
7372
9988
5008
2855
8193
4264
4981
4067
5358
6399
5059
8849
6239
1917
2836
1151
5921
1638
8760
4954
4612
938
4845
9860
10051
4375
2978
4700
4655
8651
5794
8430
2358
878
9680
8065
8600
7252
2054
8866
6979
4487
7582
170
6743
3871
3903
8719
7127
1401
6815
5212
5675
10060
6098
3756
9130
4081
7561
1002
1299
4432
4302
6937
353
3316
1728
2013
6866
7003
5603
3146
2354
816
5988
8080
9056
7342
9937
3077
1159
1686
4865
2260
7466
6700
5860
427
3845
5376
3351
1762
8277
1263
5660
993
2398
316
4414
6856
6948
8327
3926
4698
6506
3062
3799
3175
1657
8298
4842
6161
9560
1156
1671
5413
829
381
3978
1121
2888
7
4376
4488
1462
506
1214
2952
7134
3415
8886
6561
4431
7759
2843
7049
6587
224
3228
3517
848
9927
9556
9042
3053
3992
5949
6992
2023
4933
7395
1026
1078
8619
2523
8470
7071
9816
9862
2166
7874
2045
2067
311
9611
1393
8664
5522
5551
3342
7698
5252
7914
3403
3212
7038
5027
9441
5972
1543
10174
9477
2617
5091
6705
4638
5686
1667
66
9584
5547
6521
14
4033
6654
3409
7532
6278
9190
7288
9830
1865
2172
5768
5253
209
4402
3684
9256
2238
8510
362
3340
1882
572
223
8423
9346
8610
7749
5593
7493
6525
8279
2748
2663
4267
4520
4030
8684
7443
5597
9271
8978
9525
5710
4059
5548
2082
9805
4658
4613
2007
2940
8010
7903
7531
8607
8076
7447
79
8459
462
7601
7093
6670
5146
8974
3260
2474
1089
7286
7130
8706
9958
1663
8688
9422
273
1878
6862
8091
1502
9466
2107
3893
433
6035
6829
530
191
9706
4817
148
1313
9244
9201
2481
4424
8143
1473
2029
3728
3397
9557
3642
1030
9253
2560
9384
7226
6567
9106
8787
3513
2152
9345
6051
7414
5578
5032
8481
8032
6622
557
9695
616
1494
6900
8680
1191
7511
105
6944
7545
3182
3587
4275
7934
7305
3929
2621
5416
4235
992
1560
5093
4171
1192
8673
7275
6408
476
5211
2765
1668
8050
6014
9122
61
3488
554
1947
3416
5674
4548
4999
7945
7411
4360
4643
394
739
2795
8650
685
4712
7446
1906
5570
5403
8323
891
2816
5197
2330
9268
2827
5354
1989
5295
7052
7849
814
7394
9270
8424
6003
8887
7412
6691
10073
1235
9766
3065
7724
8733
3940
5664
755
6339
7911
8002
9045
1248
4471
4547
1618
3665
4679
3151
5517
6728
2634
3605
1629
8976
3164
4024
9913
9920
8219
5214
7791
5306
9871
7644
6843
1434
1180
1478
5456
8404
8597
1852
1564
5195
3210
6584
9241
49
775
465
3747
10109
1687
1041
5508
4464
9282
6672
5071
3
4986
7964
1955
8565
1403
4505
7863
2507
5528
8872
9832
7162
4560
3434
991
2780
8617
1224
2228
2631
8890
9133
7028
3557
419
5511
2577
815
141
4043
4191
2544
10141
9961
6354
9238
2830
3706
7175
5063
9498
467
4687
7647
7996
7458
726
6477
5569
7537
6965
4082
6496
7821
4412
1201
2243
9077
6508
7813
4250
3430
9349
3475
1881
2565
6312
7602
3936
3765
1054
708
5245
2309
2606
7128
5777
4581
6463
784
10054
7112
9808
1317
8272
2090
1049
4397
2566
4761
1720
3073
1721
225
4776
8614
1555
7064
7313
8501
8288
4948
5752
4762
4831
2897
2393
5576
6671
2210
9553
1161
8283
7491
1109
7129
3449
5274
885
646
3819
7720
4950
4265
5455
5748
6773
6668
3444
9869
8
9711
607
3045
9739
1834
4962
2275
8716
521
5691
9396
3006
5395
8573
1964
4726
3668
283
3870
8441
3347
5060
3597
9180
7047
1142
1244
901
7483
1952
9119
4540
9722
7508
2127
620
5001
3762
9576
5913
3881
2348
5838
9878
8068
6149
6892
2625
4901
6072
7711
78
314
9728
80
5368
2521
5344
2823
10000
5882
1827
8534
10139
2986
9691
1199
3348
3585
5020
3633
6148
7352
2416
10160
4484
5559
612
2102
7753
5411
1233
9260
588
7197
5452
7260
4237
5553
6803
3610
6059
5659
5241
2741
5611
2755
6985
8172
3463
3379
6893
2998
8001
9143
1589
6264
7793
1466
1254
228
9194
2037
7462
3034
374
5154
4350
3741
7033
9093
9511
9463
1749
3056
3086
9286
8057
2480
4616
1793
6524
73
7482
4066
8368
4468
4525
56
8326
317
3009
5418
5159
4394
2226
8772
9841
8191
2891
1855
4892
8236
3564
6255
573
2740
3028
1883
3507
8891
723
4338
8344
3451
7949
975
5348
1284
8468
4977
9080
9735
10008
8350
7988
3844
7473
4693
8192
9915
2938
1194
2294
4678
3879
9447
4705
5997
8682
6092
3839
8803
6331
5844
6303
5470
5673
8457
5981
4218
3133
7775
6201
649
4536
3327
8813
8758
1312
4086
8761
1781
6614
7332
6346
9034
9665
735
8972
5436
8168
6301
4393
9883
7005
2924
1752
1578
1259
1420
1088
6832
1848
8153
6563
1458
2994
4326
3017
426
6630
4441
4333
645
998
866
1043
3270
6753
6220
6142
4480
10041
8993
2965
2483
4153
6559
6923
1387
2186
8033
6589
3497
3365
6628
9449
4371
9156
8580
8780
5022
6251
2170
1619
8182
2694
3885
2651
9154
8351
9298
2700
8935
9587
1441
786
1129
8337
7387
8079
2255
2310
7906
5807
3938
2937
5871
4068
6486
3325
7716
4038
3408
5912
7001
249
304
5185
7828
4551
2312
9454
8237
1871
7972
1072
8111
9639
91
8878
9577
6243
9657
5927
1900
8252
9849
4098
1596
3573
3542
7573
189
2175
5166
2025
5797
8544
3012
9836
6329
84
6114
7773
4079
3973
802
2697
3128
477
8304
6104
3324
8156
4965
9652
3060
2717
1718
2575
3375
6580
5138
1556
192
3044
977
1060
6703
358
5014
8757
6055
6649
7077
8014
597
7268
4342
5709
9850
826
918
9196
3445
2936
6817
5503
5856
1184
4899
6736
2927
1231
5850
4058
2258
1348
6610
3272
3230
728
62
5407
3015
7925
1577
1926
2093
1789
9429
1132
8791
6233
2319
6782
5145
1656
244
6085
97
5161
5469
854
3711
4160
2652
5446
5800
4006
9598
674
1025
3023
4463
4329
5769
3986
7864
8330
8022
1421
8496
5367
3551
10138
2797
1700
8858
8402
3363
5523
4898
10082
8363
9715
3383
54
5588
389
6707
2016
7492
9398
7734
7234
4657
1084
5784
3519
4900
7125
1208
3998
1759
1488
1694
9177
9257
6400
8726
9829
334
1775
4800
8362
6328
1340
4113
2047
8606
1032
4089
10154
6126
8171
3071
4874
236
3385
132
486
7918
5679
1370
8944
8151
4570
8036
4580
325
8968
2667
3737
4744
6695
9144
5567
2838
7620
5888
6211
3033
7593
1432
7410
9905
10164
2731
232
2890
501
6090
7336
8195
3714
2887
9326
1336
5202
5943
8621
9266
10101
2837
9804
7239
1004
7013
6465
3171
10088
3696
9287
6679
1682
1807
5737
1384
4233
4661
703
10045
7579
1375
9912
8465
5590
4019
4311
5190
627
3752
5618
320
6064
6592
2073
29
1160
3423
8240
7958
1436
7291
7002
785
120
9604
9882
7616
4565
7158
3341
1950
1308
4988
4578
5227
8200
8779
3405
6974
468
3083
10095
4606
9840
8584
5236
1119
6484
4072
632
7769
1908
425
371
3566
9741
2158
4830
2758
1626
10116
8678
7123
1045
737
2277
5279
2161
4260
9774
1170
4070
4105
6616
3927
3412
6449
762
1385
5600
4206
8329
8641
7366
8923
582
6053
9965
2552
6611
10053
5948
5181
886
2284
1146
6765
6394
6780
7621
2540
6871
8013
2736
2437
3370
7302
3501
2583
200
10115
8082
2289
7283
2141
7424
457
3675
1069
7063
6252
1583
7195
7503
3983
6518
174
1090
2705
2209
5545
8217
1660
2972
1958
4346
5102
4789
2130
9881
3506
5579
3262
455
5552
10065
7479
1139
8906
6737
9281
9864
8528
2801
5397
8410
2506
9690
7627
8316
1701
2456
5182
6178
7533
4939
8924
10018
9877
3744
1526
3315
5698
9304
7967
7836
2477
4049
5332
1692
5083
5739
88
6150
6245
2006
9890
2644
4012
5101
2678
7840
3398
6933
7034
8460
5356
9859
6350
6379
5151
1864
731
9714
1890
2049
9302
4908
6795
5080
8705
151
5612
783
7216
1323
7144
1750
7429
4923
5010
2980
3237
3490
2022
9847
7178
1482
8991
5278
1290
3796
6656
2834
8097
7075
6995
4269
5183
9874
6344
8647
3025
7860
4583
10111
5925
7014
7246
2035
10024
8946
5249
6304
4556
920
3088
2075
5230
3124
6
9568
3716
9936
9941
7909
8239
5923
6520
2590
8179
4644
10023
6119
6826
4075
7815
5089
8636
8847
8379
705
7326
6841
4362
8372
527
624
3169
7254
4200
3282
1099
2001
5558
2273
8960
7354
7990
1647
490
175
337
9575
9518
7240
8373
2777
9400
8094
1733
8306
3790
5175
7617
4230
9126
7181
1117
5770
1215
3029
159
10146
3873
1120
8703
5549
7039
7289
5722
831
2657
3459
3717
6873
2542
8609
6846
2034
329
4417
1565
5891
7249
8928
734
4682
4944
1011
2848
1242
1408
6314
893
7208
3372
4092
958
3404
6268
3562
3523
5369
4103
1237
869
1535
6407
6232
862
7683
3159
4251
8806
6157
2512
1325
8657
749
6903
7294
9526
8366
4656
9426
6047
8701
7910
8700
7614
4243
3255
1747
665
8913
2070
6772
5647
8521
9948
4979
9336
8820
6669
1055
7154
4025
8752
5194
1486
5931
5224
10028
7136
3964
3812
8445
3945
8543
107
2570
9373
4255
8864
7663
8918
676
5075
3301
8745
169
7056
882
6445
1597
2668
6774
2071
363
3283
1256
6954
1335
8064
2899
2440
5980
843
1969
999
8884
4023
10062
10084
2285
6987
1505
10128
9285
4094
4515
114
4934
9129
2845
1252
1705
1261
4262
8870
5301
9522
5504
8900
5936
5906
2554
65
5168
771
4165
5865
9247
7798
4796
6939
9729
3512
8660
4410
9519
2384
7088
1814
131
1744
43
9537
2976
7020
2753
3956
6437
2750
3489
4963
196
9659
9527
1205
6284
4628
121
3912
5799
4365
479
2969
8729
6117
9237
9117
5158
8388
9979
3319
550
3887
5987
1610
1818
6624
3227
3833
4871
3639
4903
1298
5389
6732
8687
8290
4037
4970
3204
8625
3868
6510
3076
1073
4985
2553
7454
1833
2788
8212
2599
5409
3252
4111
2726
8208
8591
6907
7920
3194
9039
2117
4369
6981
4824
4758
8051
1383
1673
9468
5179
9127
6535
7107
2963
2850
143
469
3538
301
8256
414
3251
7501
3556
5180
751
2727
2091
3079
8677
118
3322
6810
6411
1350
8921
3709
6982
8794
1322
9618
7551
1698
3821
6034
4055
8291
9232
9605
3722
6872
5776
6990
1296
979
9323
4667
9124
9104
1849
696
9316
4444
8575
1843
250
6530
1588
718
9325
6376
3326
7977
165
10137
10126
693
3185
6439
5379
5057
4502
2461
4427
8523
6263
793
10049
5200
1167
5546
7170
9781
6499
9134
1949
1973
153
3371
6162
6362
9617
971
5309
7126
2520
5472
1547
1354
2469
3640
1134
5596
532
6193
3432
2409
1858
9521
1562
9159
6147
7245
4720
7645
123
4163
9421
3115
10006
1272
4843
2808
1070
9439
7596
7232
5239
1676
4516
7826
6466
4688
3591
3157
8297
4138
6097
5765
10020
4462
9474
6410
2019
7686
9343
1901
2920
5258
7603
6270
4368
10121
7269
7185
4146
5945
5482
5304
5705
1169
1681
9120
7340
3827
1360
4120
913
3761
9627
8026
4428
8742
3546
4454
4011
3966
4997
6308
517
8190
7024
377
2579
5564
6089
1566
5489
5824
9734
8450
2148
1741
1981
6573
475
9322
8873
2744
4452
1739
7250
1892
157
906
5901
6038
740
4041
730
197
2080
7922
7207
7335
4181
7228
684
6750
5184
4880
2432
8612
7021
5728
8933
6100
3967
1760
3206
7393
7891
964
4492
1016
8405
8142
6973
2677
9779
2984
370
634
2564
8464
3890
2028
7607
1757
7422
5427
9622
7472
2290
2171
6639
1113
8381
6461
6663
7351
840
9654
1474
1000
2315
493
10079
9940
9416
6698
4857
8132
3548
5932
671
5991
2198
7671
553
7280
1579
4490
4823
4272
4134
8670
4834
8749
3884
9267
9911
10103
5582
2516
5853
7273
496
3139
9487
5944
6342
3732
3350
5240
10038
3569
9789
7957
8851
7916
2092
2497
6946
1935
9528
3051
488
750
4318
2397
5859
7440
7241
989
3558
1772
1460
1685
6336
345
5073
241
6262
581
8189
9573
7497
1395
3052
5704
4242
4051
3199
401
7558
8012
5795
1977
1371
5339
3889
6186
4226
6542
1449
3634
8707
6544
1110
423
3422
1397
7099
8145
9250
7655
5877
3165
7571
4925
788
7937
6197
2946
8861
1221
7665
2300
2703
12
252
6180
1249
952
1388
4118
2745
551
1136
4927
4550
77
8224
8836
7065
4266
4995
8833
9363
801
5056
3266
6040
9462
7929
7296
2162
6571
4110
6369
3595
9211
9430
2866
8446
7017
5828
747
6791
3437
9228
3674
10027
4472
1181
5286
1127
9299
3443
1787
1068
6741
9934
8975
4507
9803
3388
7350
3057
725
3100
6444
8112
7696
867
8123
6648
217
4003
5651
5716
9624
8549
4751
928
6041
8380
2715
5096
8406
1690
7256
1627
1210
2342
2509
1609
2574
4759
6657
2269
17
1611
7796
2766
2647
5839
1066
5238
4331
6936
3910
9628
9875
7780
4879
10100
9683
638
5922
8004
8360
2662
2459
6182
9359
8178
478
4477
6704
1268
9844
4930
7282
8088
9973
1737
1599
2135
133
4990
4381
3058
4858
2116
6397
8868
2491
4884
1425
7035
5740
6016
3307
3930
1012
4696
7928
6099
7032
511
1919
1480
9427
1658
9415
5173
10087
976
4849
4755
4241
1708
9328
9169
4152
7459
707
355
3539
1086
4341
7060
6701
7854
9013
7657
3118
9187
514
7902
8046
2556
606
5157
9386
5287
2370
4500
881
8882
5904
1185
6940
1020
8090
8009
2424
7649
328
4836
5486
6771
4855
5962
4497
1536
4684
6283
7089
9922
1688
2689
5108
9499
1948
3172
4309
5442
7830
9502
6876
5082
4983
5498
9069
1939
255
5282
3344
4523
6256
2194
5914
8422
7194
74
129
4252
253
2550
6543
6553
6682
601
409
9909
6248
8469
2956
5319
10096
2530
4558
4889
538
8310
173
9608
3335
769
7993
5804
6261
1285
4672
8056
6009
2433
4685
4818
9980
637
8825
1158
3121
8679
1366
1755
3286
1813
7952
6713
8254
3963
8413
6984
6330
4047
3653
4749
5761
5488
8959
3436
2676
7562
1453
2918
5982
8818
1731
5051
5845
4489
4791
4287
1894
7390
2153
9476
5121
2572
3167
7007
7868
8472
5292
9
9924
8078
216
3209
6717
3191
7102
7198
4701
2445
5388
4305
333
4328
8270
7406
5974
2738
8744
5780
537
9354
2513
3239
5444
746
152
9019
8419
7572
352
870
2402
2479
2975
10120
7391
8432
6353
2234
9167
7871
6618
7347
5219
8834
1067
1093
4442
3381
2211
5726
4618
4921
1358
1910
7029
8578
7992
7540
5854
6390
179
1873
4352
8101
912
3758
1301
5081
1893
9748
4087
6024
877
8904
297
6191
2212
9040
3055
6931
6289
5658
5165
9626
4864
1967
1262
1990
3032
1677
6423
3446
6972
5305
3263
2055
8038
3202
5644
796
927
2763
1569
1133
8354
8073
2665
6489
3110
4793
5555
7062
9842
4595
729
6481
10083
5447
8979
6388
487
2977
1897
2970
2339
1664
6001
4601
6479
6076
5086
9230
8814
4293
8590
6249
2387
8121
681
5441
6246
7160
7449
291
963
3647
8740
3959
5563
1143
5492
8160
8269
5852
4198
4449
7668
3987
8910
40
2302
8540
7415
1691
6757
4686
8120
4455
4670
10143
4564
6006
799
8011
8557
2839
6836
6778
3931
1206
1539
524
3069
1475
1916
6980
8973
25
5746
7802
7295
5256
1417
10078
3906
10090
9986
4036
8317
4604
1795
5362
3676
9984
5189
2949
804
5314
6569
102
7267
5633
10044
8453
1490
9272
2298
1639
10097
1503
10132
8167
2737
656
4946
9783
599
10030
2732
8589
1680
485
2165
1391
586
6818
4968
3830
6494
4423
6324
9112
6088
8533
3563
5040
5112
1679
2785
5893
359
3141
4196
3802
2833
6237
577
9854
9369
4575
5954
1337
8853
4279
7659
390
5268
8822
4389
7631
2636
8568
1108
4188
628
559
7770
9640
8296
2852
5999
9437
2379
6125
8353
8994
3995
8352
6770
892
2460
2692
983
6800
6914
7624
5519
1307
9810
9797
234
2584
1888
1911
2706
1961
504
6676
1707
1003
7597
9868
8927
6994
8017
9696
9566
1091
5270
2159
9137
1022
7183
6475
8637
4768
9786
9473
6749
8782
44
1506
8403
9103
8233
3951
6031
902
1019
4363
9951
4959
9235
6970
9550
4400
2983
3131
947
6919
10004
9880
9356
6601
2883
7448
1310
6260
7889
2958
3867
5192
3720
8871
841
6922
3192
6337
10119
1123
570
2340
8364
10140
516
1485
2137
8792
5186
8550
1082
3678
1412
9408
7255
6641
3177
3682
18
2336
10048
8804
3461
3837
8638
5672
2775
4248
10009
1968
9420
5665
7369
2390
5984
5771
1491
3601
8751
8876
6160
5604
4945
6205
6359
7691
94
7016
9075
1711
9193
2356
1909
827
7969
4642
9111
1683
8888
8698
6185
2115
1850
4259
6425
8347
2252
3623
8731
5307
6529
3125
9687
36
1347
3250
4837
9834
1023
6138
5811
3308
8231
8114
2519
6534
3111
1548
6231
2443
6702
3078
9673
8541
4446
5267
2791
8135
1983
8387
5621
9562
3958
9252
4378
5719
4514
7403
6951
7409
8175
3875
6209
137
26
9966
996
4721
2861
8260
9259
7209
8495
3391
4832
7272
8125
6095
3020
4694
8244
929
8285
5288
1187
4193
5622
7317
1122
8301
4039
7933
6766
2879
5296
2515
5623
5449
2391
6697
52
4034
8775
745
7190
2324
5638
8908
6738
941
2880
6664
8187
944
5055
6883
6427
9811
2724
393
9602
4912
4718
9165
4222
9530
3734
6842
9794
5255
2438
8371
6786
8349
13
6409
2087
4486
714
7589
2988
100
4531
9138
8715
2739
5149
9484
1430
715
367
7633
9600
6020
6537
117
5363
380
9213
7311
8809
2860
8019
7570
3367
57
10005
561
8874
10077
7023
652
9036
6528
2649
3921
3279
9772
6621
9689
8515
4919
933
5041
3920
3730
7204
272
8747
738
208
7101
3320
3801
396
2462
8784
9744
2004
8895
8995
5851
9546
4300
1179
21
579
3109
9425
9582
2224
8672
5541
7142
6620
7520
5670
5645
654
3243
5790
8668
720
9321
8140
8188
7979
9888
4910
7439
719
2133
3916
3438
8800
6740
8547
4304
3561
5072
429
3669
9790
6426
195
9769
5958
5955
483
7187
6912
5537
33
6313
28
6877
5605
3492
7271
1246
3615
261
292
743
7292
6816
7113
2679
2832
4674
6380
2886
1036
8322
5458
9955
5318
3205
8892
434
7221
4257
3219
3485
5445
4009
3366
5535
8278
6783
2543
9688
9967
7878
4076
8663
3609
4018
3784
8958
794
4645
349
3841
2084
7083
6715
4097
2914
9674
2841
9385
9991
3376
4129
604
3360
6273
2346
7355
4649
721
2781
3514
4213
2910
4810
2495
4102
3277
7362
2308
4512
8940
980
6432
635
3643
8957
331
2403
853
3847
9762
10108
221
7522
1933
4878
8718
9610
9198
8154
2620
2207
3240
3013
8604
1319
7946
4321
2582
6830
8149
3257
4660
2602
3504
4544
2789
9904
5632
556
7074
4797
3697
6690
1943
5973
5359
5735
3671
3528
7445
4303
2250
7892
686
1612
2563
641
7307
8292
4225
2015
8241
9895
4883
7880
9544
5910
6497
7419
6739
1435
10135
7341
4493
9641
1508
3329
5540
1636
7330
6784
4653
8486
619
7203
8948
9507
1178
2733
3321
2760
8916
4859
7018
5437
8602
8885
1931
7402
547
6208
1593
76
9215
8629
10057
6257
2089
9407
2229
9989
6855
5426
8592
4141
472
2465
2038
2241
4053
7353
8162
1286
5042
6623
9733
1598
104
6523
3022
2086
9630
564
984
6632
9901
1811
5338
6557
6540
1415
798
3650
7179
3093
8049
4370
10046
2276
7122
8717
4418
692
9277
2607
7938
5269
2960
9826
3877
8069
5220
3181
2900
350
9374
7105
4416
5025
4902
6581
3331
7966
8148
1483
9067
9777
4792
8407
70
9931
1595
2578
8735
3024
6966
4073
7763
9645
1842
4743
931
5992
2052
5879
2971
655
7344
6451
6552
6128
2863
1874
8028
3107
7873
6653
6371
8234
1756
5352
6480
3271
549
4851
1061
1459
3119
7166
7191
2242
9417
7441
5957
8538
4996
6000
2709
10147
9950
90
5543
5848
2301
5266
2214
3789
1277
6722
3176
7778
6549
7211
5599
7751
10099
7984
1279
2532
8807
4769
3896
5978
2612
3882
926
6341
6643
3101
1046
5834
103
1426
4937
8577
6175
5329
7173
6045
3947
5649
8903
7932
6850
5317
7989
1071
4543
2673
9433
5203
4282
4863
2589
2844
9780
1915
10091
6163
1662
5402
171
9742
8164
765
1546
9730
9592
7357
2204
3953
1343
5026
10167
8845
7641
7327
7223
631
1540
9491
10025
3278
6094
2183
986
7527
7278
8409
2664
2858
7575
6572
3259
4974
1168
5751
505
1195
8832
5087
9545
1823
3264
9971
9233
5883
3990
5806
9412
4907
6526
7827
5405
5581
8922
6853
4289
5814
8085
2782
8943
7364
8827
5550
9935
3493
4377
4538
8532
1095
5312
3304
2357
7924
1790
5700
360
2193
3541
1997
1439
5347
8721
2375
2864
8266
416
7172
6206
3775
6801
3201
585
8048
4553
6779
9825
3399
7455
7516
9475
2997
3897
6629
2638
2454
4703
7345
4419
956
3977
1407
4109
2905
9375
9942
2163
2095
5788
9658
6118
8905
9288
2425
1467
1853
3872
8137
8108
9649
9163
5495
9732
8962
8170
4549
6720
6578
8202
3878
1105
2815
1404
8930
9489
2334
6370
7325
8579
7857
3582
8685
3080
10159
1287
6412
4031
3739
5043
6849
10070
9541
6121
5772
3530
4567
6947
246
6613
5049
3858
6723
3948
8954
3698
4184
6025
7546
9000
7768
6556
4510
6541
6195
7894
3620
7383
7777
9570
8116
4972
1954
9481
9661
4334
9740
4364
2682
7054
3760
9751
6049
987
6874
1324
8570
849
1027
2118
8207
9300
3904
9358
5773
3103
4383
204
9155
9092
5018
5119
9504
1784
8785
3544
4689
3703
965
8697
9236
3094
8025
4711
4802
9007
5262
5516
3778
949
6401
5424
4554
1702
7306
2588
156
7279
4707
8243
1659
8261
2145
1092
2249
3970
3793
7539
218
182
4395
1602
1304
2800
1582
3499
7266
3525
2304
398
9638
4367
9392
2046
8582
7494
1734
8786
2478
3291
7452
650
2822
4063
7436
1697
5058
8477
2125
6389
2143
3276
4180
4732
8626
5779
4062
9107
3482
9347
6501
8242
5505
9209
3478
5215
6287
8452
404
6971
4312
7599
967
5336
7884
1422
6915
9747
5023
6300
4617
3072
1699
6075
5068
9445
5917
1551
6747
6067
8898
4848
5631
7281
7212
846
2805
1234
2944
1507
2002
3994
5365
5364
5863
9799
6519
4099
9053
5662
9501
9022
8089
9861
9977
9003
7675
4061
3480
7377
1266
5357
1675
2404
4077
9338
2794
5890
4808
453
8524
7338
1406
7953
7833
781
5222
3224
9900
5998
6395
2853
2385
9171
6057
4246
3690
2728
8875
6458
6158
3719
7564
456
7418
441
10145
10148
3971
9632
3974
1872
4121
1918
6015
7732
6129
9090
235
7805
2149
9319
8020
8837
3534
4503
3037
523
3808
2806
5829
9088
6838
8572
2925
3421
10165
1333
1567
9824
7646
6037
3621
6155
6845
2110
5308
2307
9595
4021
5244
7329
5941
1816
2672
4731
6885
7012
9561
1753
5322
850
8634
10142
2573
7421
1338
5160
2874
6227
776
5297
3174
5117
1963
1838
2317
6636
7747
5380
1162
3155
7702
8598
5462
5074
4886
3638
3503
9743
3838
1461
2120
4199
8225
5671
960
3162
1528
2987
4820
9701
3824
3002
5964
6625
1163
2053
8053
210
7838
412
852
5892
3417
2616
1648
9249
8595
4029
6860
212
6640
7831
5228
3222
7397
2488
8710
9413
2718
4806
98
3168
2476
8397
7219
4231
168
106
5432
31
5928
1017
8764
7192
9047
6244
8525
7413
578
6460
6863
405
6878
2872
1929
3049
6908
5821
10017
9580
5421
8981
1316
3216
8440
5232
2463
7887
724
5126
1444
8867
7337
4850
5654
10117
1197
7100
4373
2327
3187
7090
7463
5360
4508
1684
5734
1334
2982
8644
96
6305
8489
2326
6811
4723
9145
3522
2708
3901
2018
2216
8027
2232
1803
8702
3420
605
1240
4714
23
4387
7475
8839
6377
9960
5434
8548
2809
2114
4409
4214
3826
1309
1797
5754
186
5242
1006
2482
9330
8416
2412
9070
7682
7850
67
1884
4190
8365
9057
8971
1517
4015
8375
7386
8768
9362
4197
2608
7731
6839
5656
9018
8086
7786
6311
7939
4022
6112
4904
3629
9517
3655
9317
1115
6924
9999
6323
7484
6754
5717
7704
3200
3019
6357
9636
8436
5438
3846
5204
5429
4071
5911
2011
6381
2157
3960
6925
4666
347
9997
5506
6181
9925
7290
3924
112
3063
3248
8560
2646
1342
8248
8964
4787
8408
9061
5048
8041
6487
722
5648
742
4989
1258
759
4422
5615
5381
2985
4728
8846
6414
8939
4856
4314
2079
3786
2527
813
8655
1219
8220
4914
2421
2426
7886
2642
9631
6348
7407
4337
4320
1998
5024
2505
9887
1925
2545
5703
9136
8451
5340
3855
8627
9351
8467
1097
7975
5147
7303
777
4602
1979
2953
1050
2859
3479
9752
7956
6545
2306
2467
7524
7141
6358
6793
7156
1704
6343
4210
732
2473
5805
1241
857
4633
8983
1047
8087
8029
9992
955
499
7067
932
4187
6183
8999
4835
4559
9872
9897
2099
6447
6651
4825
1801
3008
6511
7471
1102
658
9923
7844
160
8817
1189
2408
5174
432
713
8599
2660
5370
4277
6675
945
9718
575
9857
7055
7834
5177
5199
4594
8997
9523
4013
2446
5005
1357
8640
8671
5514
6768
2322
498
2131
833
1972
5819
1015
2020
5887
8741
5993
10003
1236
6731
4840
5532
6752
2773
8037
9460
9025
6921
6851
9932
5150
9459
3402
9406
3050
9792
8455
2173
5341
3465
6096
7104
9379
4607
6714
1487
8842
1745
298
8769
1786
3511
6882
5963
6834
4771
2759
8816
3670
1774
1867
3925
7782
7543
3962
8358
2323
8778
2442
5114
4001
7787
5412
533
7098
8929
10022
3632
6888
625
3993
3457
9418
1835
9531
2041
4955
1524
7259
9865
1766
2803
1389
4052
7995
6235
9532
2105
3686
9206
5410
2449
8689
2989
5510
6531
5502
1534
2990
1275
6070
2955
6131
9753
176
2814
8071
9669
4131
7231
5594
905
3731
2492
6844
7604
4080
1145
7594
6378
3969
6398
8852
442
193
3354
4114
1822
1306
8965
2487
5273
6039
1936
7036
1314
7985
6809
2711
9907
2078
3713
4450
660
3772
1217
4729
9174
1732
959
5290
1445
286
3196
1172
3035
4659
2202
2112
3505
8649
9337
1782
1748
9572
8039
1363
679
3658
9917
694
3288
4189
9845
7923
2595
7376
1226
4219
8414
6084
5208
8777
3084
736
7084
5886
10113
1542
5715
4913
2889
470
3704
2645
1809
7110
1628
8938
6421
9020
7073
5713
2435
3590
9258
4168
600
4347
3806
4002
308
1328
5383
1706
3749
10094
7184
3532
2101
6230
6156
8690
4060
2913
1887
4598
1362
3829
2734
6665
5099
8110
7553
8431
4443
3433
9210
6044
172
1844
245
4343
6949
9540
7227
6868
699
4534
4596
974
847
5608
716
3161
7660
9710
3007
6317
924
1976
7550
8519
5934
3336
7465
591
1229
611
9158
4239
384
5029
8869
262
4774
2027
8535
9353
5577
6492
7196
6483
3188
2411
6491
2179
5280
5526
888
7220
2313
2042
3769
6852
1975
7308
911
4186
7476
4032
5015
8119
6596
4778
7670
7722
5732
5386
1273
2335
7000
2288
3059
5497
1126
9432
7634
5110
5201
3407
3614
30
4838
6718
2119
4215
8955
3406
4542
767
4932
7792
741
6819
1081
2344
1305
2648
6274
6729
3794
5684
7389
8990
6010
222
2395
6143
8713
2537
397
3550
571
9798
7701
531
2345
6364
3500
4630
9981
6473
1966
4211
1477
2831
1783
6727
155
8865
9974
5524
3441
9818
1821
6989
3586
7103
1423
5484
7169
7515
4167
4413
936
2128
2723
388
5947
1455
220
9495
2684
4460
3038
6436
64
6797
1561
8415
2768
343
2372
9720
4969
8781
6493
4566
3800
1532
1746
4496
6424
8823
894
7217
6334
9800
9291
1188
3577
1831
5873
5809
4258
8586
5683
3426
10043
4976
9419
3619
6693
2538
1987
701
9959
5520
5580
3156
3831
1923
9908
3046
2653
7757
1938
7486
4358
8092
8155
9059
2894
9533
7037
10081
1645
2184
9512
2493
101
1856
5500
1379
6930
4894
1498
4897
3828
1056
1218
5124
2995
6123
8841
9031
7094
3531
1456
6418
5187
5193
5088
5755
2129
6901
6726
305
6577
4133
3368
7750
4268
8075
408
3067
2293
10127
3153
3943
6442
4867
7119
4739
1481
7839
1074
6631
240
539
6019
7692
9620
6018
7629
925
32
111
2919
4357
7669
4888
7740
7025
6236
2265
6799
1410
512
9884
6646
3356
3779
9903
7797
595
2069
602
10015
1361
9578
1591
9152
2453
4426
1653
4563
9637
8107
1768
5951
2066
7586
8877
6746
7242
8727
9161
37
3116
9725
836
5939
9812
1800
7865
1516
5534
4873
7823
364
9207
9017
5724
7761
4405
9678
332
8917
4801
9968
3484
5568
5763
4780
6792
8238
9081
344
9660
8454
2201
8770
8103
3588
2829
1557
9269
8992
495
6027
1001
1330
5712
2498
5130
4885
4292
8566
5714
4425
2368
3785
2826
5250
4736
9131
6570
9697
8739
7438
1203
6285
4396
7619
3894
903
6686
9262
5571
2626
188
2466
5257
3294
10155
3384
8603
1052
3818
7600
754
4096
5742
2401
1946
8392
4822
8491
9503
3392
8596
4306
5490
8618
2065
5796
7496
2318
3225
2441
2749
6267
702
63
535
9782
3435
8801
8396
8909
4310
3606
7552
284
9791
593
10076
1912
2819
7931
9969
7323
1260
9390
3822
2906
2828
8281
5531
4249
2533
8639
282
10131
5251
9583
4828
1944
8569
5920
4392
8920
2359
8359
2964
8987
3469
2203
6998
4340
9599
9440
5054
3700
994
203
4785
2154
3898
9983
2656
6349
4647
351
1013
10171
8313
9906
8988
9074
4951
3152
6758
9889
3748
9998
10012
5729
5499
9918
1851
2902
4384
5217
1053
6116
1828
3599
3694
2321
1616
9870
563
9807
9142
3628
9705
